data = [0.0, 0.4901, 0.9754, 1.4514, 1.9134, 2.357, 2.7779, 3.172, 3.5355, 3.8651, 4.1573, 4.4096, 4.6194, 4.7847, 4.9039, 4.9759, 5.0, 4.9759, 4.9039, 4.7847, 4.6194, 4.4096, 4.1573, 3.8651, 3.5355, 3.172, 2.7779, 2.357, 1.9134, 1.4514, 0.9754, 0.4901, 0.0, -0.4901, -0.9754, -1.4514, -1.9134, -2.357, -2.7779, -3.172, -3.5355, -3.8651, -4.1573, -4.4096, -4.6194, -4.7847, -4.9039, -4.9759, -5.0, -4.9759, -4.9039, -4.7847, -4.6194, -4.4096, -4.1573, -3.8651, -3.5355, -3.172, -2.7779, -2.357, -1.9134, -1.4514, -0.9754, -0.4901, 0.0, 0.4901, 0.9754, 1.4514, 1.9134, 2.357, 2.7779, 3.172, 3.5355, 3.8651, 4.1573, 4.4096, 4.6194, 4.7847, 4.9039, 4.9759, 5.0, 4.9759, 4.9039, 4.7847, 4.6194, 4.4096, 4.1573, 3.8651, 3.5355, 3.172, 2.7779, 2.357, 1.9134, 1.4514, 0.9754, 0.4901, 0.0, -0.4901, -0.9754, -1.4514, -1.9134, -2.357, -2.7779, -3.172, -3.5355, -3.8651, -4.1573, -4.4096, -4.6194, -4.7847, -4.9039, -4.9759, -5.0, -4.9759, -4.9039, -4.7847, -4.6194, -4.4096, -4.1573, -3.8651, -3.5355, -3.172, -2.7779, -2.357, -1.9134, -1.4514, -0.9754, -0.4901, 0.0, 0.4901, 0.9754, 1.4514, 1.9134, 2.357, 2.7779, 3.172, 3.5355, 3.8651, 4.1573, 4.4096, 4.6194, 4.7847, 4.9039, 4.9759, 5.0, 4.9759, 4.9039, 4.7847, 4.6194, 4.4096, 4.1573, 3.8651, 3.5355, 3.172, 2.7779, 2.357, 1.9134, 1.4514, 0.9754, 0.4901, 0.0, -0.4901, -0.9754, -1.4514, -1.9134, -2.357, -2.7779, -3.172, -3.5355, -3.8651, -4.1573, -4.4096, -4.6194, -4.7847, -4.9039, -4.9759, -5.0, -4.9759, -4.9039, -4.7847, -4.6194, -4.4096, -4.1573, -3.8651, -3.5355, -3.172, -2.7779, -2.357, -1.9134, -1.4514, -0.9754, -0.4901, 0.0];
Send_ts = [1671614902.061, 1671614902.466, 1671614902.857, 1671614903.26, 1671614903.675, 1671614904.066, 1671614904.467, 1671614904.867, 1671614905.27, 1671614905.672, 1671614906.074, 1671614906.48, 1671614906.872, 1671614907.276, 1671614907.678, 1671614908.075, 1671614908.491, 1671614908.866, 1671614909.283, 1671614909.679, 1671614910.094, 1671614910.484, 1671614910.893, 1671614911.299, 1671614911.694, 1671614912.1, 1671614912.506, 1671614912.915, 1671614913.31, 1671614913.713, 1671614914.113, 1671614914.521, 1671614914.921, 1671614915.316, 1671614915.724, 1671614916.121, 1671614916.51, 1671614916.932, 1671614917.336, 1671614917.74, 1671614918.115, 1671614918.535, 1671614918.924, 1671614919.343, 1671614919.719, 1671614920.126, 1671614920.53, 1671614920.95, 1671614921.357, 1671614921.748, 1671614922.149, 1671614922.551, 1671614922.956, 1671614923.362, 1671614923.766, 1671614924.171, 1671614924.547, 1671614924.967, 1671614925.371, 1671614925.77, 1671614926.143, 1671614926.56, 1671614926.975, 1671614927.364, 1671614927.775, 1671614928.168, 1671614928.572, 1671614928.973, 1671614929.36, 1671614929.787, 1671614930.153, 1671614930.568, 1671614930.998, 1671614931.396, 1671614931.776, 1671614932.194, 1671614932.6, 1671614932.982, 1671614933.403, 1671614933.779, 1671614934.202, 1671614934.6, 1671614935.002, 1671614935.408, 1671614935.803, 1671614936.196, 1671614936.618, 1671614937.001, 1671614937.426, 1671614937.81, 1671614938.225, 1671614938.615, 1671614939.004, 1671614939.433, 1671614939.809, 1671614940.223, 1671614940.629, 1671614941.034, 1671614941.429, 1671614941.817, 1671614942.245, 1671614942.624, 1671614943.039, 1671614943.446, 1671614943.855, 1671614944.253, 1671614944.649, 1671614945.054, 1671614945.439, 1671614945.825, 1671614946.26, 1671614946.638, 1671614947.044, 1671614947.469, 1671614947.87, 1671614948.259, 1671614948.638, 1671614949.053, 1671614949.463, 1671614949.87, 1671614950.286, 1671614950.684, 1671614951.081, 1671614951.489, 1671614951.887, 1671614952.293, 1671614952.683, 1671614953.075, 1671614953.495, 1671614953.873, 1671614954.29, 1671614954.685, 1671614955.09, 1671614955.509, 1671614955.902, 1671614956.284, 1671614956.713, 1671614957.115, 1671614957.515, 1671614957.925, 1671614958.318, 1671614958.712, 1671614959.123, 1671614959.528, 1671614959.932, 1671614960.292, 1671614960.716, 1671614961.106, 1671614961.532, 1671614961.916, 1671614962.329, 1671614962.73, 1671614963.151, 1671614963.537, 1671614963.942, 1671614964.363, 1671614964.733, 1671614965.136, 1671614965.561, 1671614965.941, 1671614966.352, 1671614966.749, 1671614967.152, 1671614967.556, 1671614967.972, 1671614968.357, 1671614968.762, 1671614969.179, 1671614969.546, 1671614969.981, 1671614970.368, 1671614970.774, 1671614971.202, 1671614971.584, 1671614971.998, 1671614972.381, 1671614972.791, 1671614973.202, 1671614973.6, 1671614974.006, 1671614974.409, 1671614974.786, 1671614975.206, 1671614975.592, 1671614975.994, 1671614976.4, 1671614976.809, 1671614977.205, 1671614977.62, 1671614977.999, 1671614978.427, 1671614978.809, 1671614979.223];
